78 48
188 183
227 223
262 254
283 276
301 290
351 339
445 432
459 432
466 462
482 432
550 548
584 568
612 596
766 761
797 790
808 790
867 834
884 834
899 880
902 834
907 834
910 880
916 880
924 834
941 834
972 947
985 947
990 947
996 947 
1027 1017
1185 1174
1192 1174
1223 1205
1251 1230
1257 1252
1261 1252
1262 1230
1276 1252
1293 1252
1318 1252
1349 1316
1352 1326
1359 1326
1369 1326
1376 1326
1390 1326
1399 1326
1431 1326
1458 1326
1465 1326
1491 1473
1520 1508
1528 1508
1530 1504
1540 1533
1547 1533
1577 1565
1626 1619
1636 1633
1672 1633
1697 1687
1716 1687
1723 1687
1739 1734
1790 1787
1812 1804
1828 1817
1848 1817
1875 1817
1903 1879
1943 1928
2022 2011
2031 2011
2055 2045
2087 2082
2132 2123
2160 2141
2172 2123
2198 2188
2233 2229
2255 2224
2312 2293
2317 2313
2323 2313
2331 2313
2382 2367
2401 2394
2408 2394
2438 2398
2478 2474
2484 2474
2491 2468
2503 2468
2515 2414
2569 2561
2572 2548
2574 2548
2594 2548
2604 2591
2621 2548
2641 2548
2644 2548
2653 2646
2669 2665
2687 2663
2692 2682
2712 2701
2734 2723
2764 2752
2792 2752
2860 2854
2870 2854
2890 2854
2955 2950
2984 2969
3005 2996
3059 3037
3077 3037
3085 3037
3098 3037
3147 3037
3164 3037
3166 3162
3174 3162
3194 3181
3246 3234
3250 3243
3262 3257
3344 3341
3386 3376
3399 3376
3423 3384
3427 3384
3515 3507
3595 3583
3639 3583
3676 3583
3686 3583
3763 3740
3805 3799
3823 3817
3852 3817
3859 3817
3897 3817
3904 3901
3942 3938
3951 3946
3970 3946
3975 3946
3984 3946
4019 4016
4030 4003
4041 4003
4044 4003
4046 4033
4171 4168
4182 4168
4246 4242
4293 4275
4306 4300
4311 4275
4313 4308
4326 4308
4332 4321
4418 4411
4424 4421
4450 4421
4462 4421
4472 4421
4483 4470
4507 4501
4524 4518
4537 4518
4548 4518
4558 4518
4578 4518
4607 4592
4761 4733
4771 4733
4851 4838
4920 4894
4944 4894
4953 4894
4959 4951
4963 4951
4968 4894
4974 4951
4982 4951
5004 4951
