28 2
54 2
57 2
62 2
82 2
129 118
157 141
177 171
187 171
191 171
214 171
223 171
227 209
236 171
280 263
320 314
369 314
381 378
406 314
409 378
427 417
438 417
441 417
448 417
500 482
512 482
533 482
562 559
656 653
661 653
700 674
704 674
722 674
737 731
755 731
760 731
768 731
776 731
805 731
828 731
844 731
849 731
865 731
869 731
892 879
897 879
903 888
906 879
909 888
977 956
982 938
1020 1012
1069 1036
1096 1088
1127 1118
1131 1088
1135 1118
1137 1088
1154 1088
1172 1088
1199 1088
1230 1214
1250 1214
1261 1214
1294 1278
1313 1304
1366 1359
1375 1359
1388 1359
1390 1359
1395 1380
1443 1419
1459 1419
1479 1465
1483 1476
1488 1465
1492 1465
1497 1494
1507 1465
1527 1465
1529 1523
1531 1465
1542 1465
1548 1465
1558 1523
1560 1465
1568 1465
1575 1465
1580 1465
1586 1465
1604 1600
1611 1605
1614 1695
1619 1600
1622 1605
1648 1636
1653 1636
1669 1636
1713 1686
1763 1749
1795 1789
1819 1793
1829 1793
1844 1793
1854 1848
1879 1875
1915 1901
1936 1901
1945 1939
1957 1952
2039 2009
2083 2066
2089 2086
2121 2066
2144 2131
2149 2131
2204 2192
2268 2241
2323 2317
2339 2317
2342 2317
2364 2349
2373 2349
2395 2386
